38.97290667533875 24.37952926158905 14.593377361297607
21.658450384140014 10.075930557250977 11.582519826889039
18.269180603027344 8.075404717922211 10.19377592086792
16.54130353927612 7.235148446559906 9.306155171394348
15.227536296844482 6.585510990619659 8.642025303840636
14.113292174339295 6.019548599720001 8.093743560314179
14.123531351089477 6.176956956386566 7.946574437618255
13.412564415931701 5.772698661088944 7.639865798950195
12.667912697792053 5.412310104370118 7.255602624416351
12.38937569141388 5.283715171813965 7.105660524368286
12.052658238410949 5.147078696489334 6.905579552650452
11.51576159954071 4.863501220941544 6.652260384559631
11.451884202957153 4.917634747028351 6.534249465465546
11.52015613079071 4.9775269567966465 6.5426291704177855
11.495866928100586 5.025070054531097 6.47079683303833
11.243160185813904 4.907170462608337 6.3359897470474245
11.097402000427246 4.847954057455063 6.249447946548462
10.873978867530823 4.647276974916458 6.226701891422271
10.745679321289062 4.647464218139649 6.098215131759644
10.741024508476258 4.688178796768188 6.052845661640167
