0.4144621045125855 0.3016176003185536
0.2761882398790783 0.2536003876531081
0.23398014068934653 0.29476824362943177
0.22080525602897008 0.2337828315794468
0.2245077630215221 0.1989319913404183
0.1971506604552269 0.24380922013987527
0.18019306702746285 0.18671753781130737
0.17317791934808097 0.18271490297340554
0.1680848319530487 0.18300966128770585
0.15752150965399211 0.15333317576994676
0.15845587877432504 0.1534407645155736
0.15536378161774742 0.3094345639432988
0.1437902086691724 0.22305583169435908
0.13628906191719903 0.14319192860510013
0.1338917459613747 0.1403660005806081
0.12898976198004353 0.14404023100836402
0.12167568450669447 0.1440243435468317
0.11691559530877405 0.1398489992186618
0.11331330871002541 0.1484438289382341
0.11043389660533931 0.15642828620105928
